ZX80 Foils 1.8 hole locations
X,Y,DIAMETER coordinates from bottom left index.

127.2,160.9,1.0
127.2,158.3,1.0
127.2,155.8,1.0
127.2,153.2,1.0
127.2,150.7,1.0
127.2,148.1,1.0
127.2,145.5,1.0
127.2,143.0,1.0
127.2,140.4,1.0
127.2,137.9,1.0
127.2,135.3,1.0
127.2,132.8,1.0
142.5,160.9,1.0
142.5,158.3,1.0
142.5,155.8,1.0
142.5,153.2,1.0
142.5,150.7,1.0
142.5,148.1,1.0
142.5,145.5,1.0
142.5,143.0,1.0
142.5,140.4,1.0
142.5,137.9,1.0
142.5,135.3,1.0
142.5,132.8,1.0
71.6,161.9,1.0
71.6,159.4,1.0
71.6,156.9,1.0
71.6,154.3,1.0
71.6,151.8,1.0
71.6,149.2,1.0
71.6,146.7,1.0
71.6,144.2,1.0
71.6,141.6,1.0
71.6,139.1,1.0
71.6,136.5,1.0
71.6,134.0,1.0
71.6,131.5,1.0
71.6,128.9,1.0
71.6,126.4,1.0
71.6,123.8,1.0
71.6,121.3,1.0
71.6,118.8,1.0
71.6,116.2,1.0
71.6,113.7,1.0
56.3,161.9,1.0
56.3,159.4,1.0
56.3,156.9,1.0
56.3,154.3,1.0
56.3,151.8,1.0
56.3,149.2,1.0
56.3,146.7,1.0
56.3,144.2,1.0
56.3,141.6,1.0
56.3,139.1,1.0
56.3,136.5,1.0
56.3,134.0,1.0
56.3,131.5,1.0
56.3,128.9,1.0
56.3,126.4,1.0
56.3,123.8,1.0
56.3,121.3,1.0
56.3,118.8,1.0
56.3,116.2,1.0
56.3,113.7,1.0
135.1,100.3,1.0
135.1,97.7,1.0
135.1,95.2,1.0
135.1,92.6,1.0
135.1,90.1,1.0
135.1,87.5,1.0
135.1,85.0,1.0
127.4,100.3,1.0
127.4,97.7,1.0
127.4,95.2,1.0
127.4,92.6,1.0
127.4,90.1,1.0
127.4,87.5,1.0
127.4,85.0,1.0
122.2,100.3,1.0
122.2,97.7,1.0
122.2,95.2,1.0
122.2,92.6,1.0
122.2,90.1,1.0
122.2,87.5,1.0
122.2,85.0,1.0
114.7,100.3,1.0
114.7,97.7,1.0
114.7,95.2,1.0
114.7,92.6,1.0
114.7,90.1,1.0
114.7,87.5,1.0
114.7,85.0,1.0
109.6,100.3,1.0
109.6,97.7,1.0
109.6,95.2,1.0
109.6,92.6,1.0
109.6,90.1,1.0
109.6,87.5,1.0
109.6,85.0,1.0
102.0,100.3,1.0
102.0,97.7,1.0
102.0,95.2,1.0
102.0,92.6,1.0
102.0,90.1,1.0
102.0,87.5,1.0
102.0,85.0,1.0
93.1,100.3,1.0
93.1,97.7,1.0
93.1,95.2,1.0
93.1,92.6,1.0
93.1,90.1,1.0
93.1,87.5,1.0
93.1,85.0,1.0
85.5,100.3,1.0
85.5,97.7,1.0
85.5,95.2,1.0
85.5,92.6,1.0
85.5,90.1,1.0
85.5,87.5,1.0
85.5,85.0,1.0
76.6,100.3,1.0
76.6,97.7,1.0
76.6,95.2,1.0
76.6,92.6,1.0
76.6,90.1,1.0
76.6,87.5,1.0
76.6,85.0,1.0
69.1,100.3,1.0
69.1,97.7,1.0
69.1,95.2,1.0
69.1,92.6,1.0
69.1,90.1,1.0
69.1,87.5,1.0
69.1,85.0,1.0
62.7,100.3,1.0
62.7,97.7,1.0
62.7,95.2,1.0
62.7,92.6,1.0
62.7,90.1,1.0
62.7,87.5,1.0
62.7,85.0,1.0
55.0,100.3,1.0
55.0,97.7,1.0
55.0,95.2,1.0
55.0,92.6,1.0
55.0,90.1,1.0
55.0,87.5,1.0
55.0,85.0,1.0
50.0,100.3,1.0
50.0,97.7,1.0
50.0,95.2,1.0
50.0,92.6,1.0
50.0,90.1,1.0
50.0,87.5,1.0
50.0,85.0,1.0
42.4,100.3,1.0
42.4,97.7,1.0
42.4,95.2,1.0
42.4,92.6,1.0
42.4,90.1,1.0
42.4,87.5,1.0
42.4,85.0,1.0
33.4,100.3,1.0
33.4,97.7,1.0
33.4,95.2,1.0
33.4,92.6,1.0
33.4,90.1,1.0
33.4,87.5,1.0
33.4,85.0,1.0
25.8,100.3,1.0
25.8,97.7,1.0
25.8,95.2,1.0
25.8,92.6,1.0
25.8,90.1,1.0
25.8,87.5,1.0
25.8,85.0,1.0
20.8,100.3,1.0
20.8,97.7,1.0
20.8,95.2,1.0
20.8,92.6,1.0
20.8,90.1,1.0
20.8,87.5,1.0
20.8,85.0,1.0
13.1,100.3,1.0
13.1,97.7,1.0
13.1,95.2,1.0
13.1,92.6,1.0
13.1,90.1,1.0
13.1,87.5,1.0
13.1,85.0,1.0
146.3,127.7,1.0
146.3,125.2,1.0
146.3,122.6,1.0
146.3,120.1,1.0
146.3,117.5,1.0
146.3,115.0,1.0
146.3,112.4,1.0
138.6,127.7,1.0
138.6,125.2,1.0
138.6,122.6,1.0
138.6,120.1,1.0
138.6,117.5,1.0
138.6,115.0,1.0
138.6,112.4,1.0
132.4,127.7,1.0
132.4,125.2,1.0
132.4,122.6,1.0
132.4,120.1,1.0
132.4,117.5,1.0
132.4,115.0,1.0
132.4,112.4,1.0
124.6,127.7,1.0
124.6,125.2,1.0
124.6,122.6,1.0
124.6,120.1,1.0
124.6,117.5,1.0
124.6,115.0,1.0
124.6,112.4,1.0
113.5,132.8,1.0
113.5,130.3,1.0
113.5,127.7,1.0
113.5,125.2,1.0
113.5,122.6,1.0
113.5,120.1,1.0
113.5,117.6,1.0
113.5,115.0,1.0
105.8,132.8,1.0
105.8,130.3,1.0
105.8,127.7,1.0
105.8,125.2,1.0
105.8,122.6,1.0
105.8,120.1,1.0
105.8,117.6,1.0
105.8,115.0,1.0
113.4,160.8,1.0
113.4,158.2,1.0
113.4,155.7,1.0
113.4,153.1,1.0
113.4,150.6,1.0
113.4,148.0,1.0
113.4,145.5,1.0
113.4,143.0,1.0
105.8,160.8,1.0
105.8,158.2,1.0
105.8,155.7,1.0
105.8,153.1,1.0
105.8,150.6,1.0
105.8,148.0,1.0
105.8,145.5,1.0
105.8,143.0,1.0
94.3,160.8,1.0
94.3,158.2,1.0
94.3,155.7,1.0
94.3,153.1,1.0
94.3,150.6,1.0
94.3,148.0,1.0
94.3,145.5,1.0
94.3,143.0,1.0
86.7,160.8,1.0
86.7,158.2,1.0
86.7,155.7,1.0
86.7,153.1,1.0
86.7,150.6,1.0
86.7,148.0,1.0
86.7,145.5,1.0
86.7,143.0,1.0
94.5,135.4,1.0
94.5,132.9,1.0
94.5,130.3,1.0
94.5,127.8,1.0
94.5,125.2,1.0
94.5,122.7,1.0
94.5,120.1,1.0
94.5,117.6,1.0
94.5,115.0,1.0
86.7,135.4,1.0
86.7,132.9,1.0
86.7,130.3,1.0
86.7,127.8,1.0
86.7,125.2,1.0
86.7,122.7,1.0
86.7,120.1,1.0
86.7,117.6,1.0
86.7,115.0,1.0
32.3,165.9,1.0
32.3,163.3,1.0
32.3,160.8,1.0
32.3,158.2,1.0
32.3,155.7,1.0
32.3,153.1,1.0
32.3,150.6,1.0
32.3,148.0,1.0
32.3,145.5,1.0
24.6,165.9,1.0
24.6,163.3,1.0
24.6,160.8,1.0
24.6,158.2,1.0
24.6,155.7,1.0
24.6,153.1,1.0
24.6,150.6,1.0
24.6,148.0,1.0
24.6,145.5,1.0
18.2,165.9,1.0
18.2,163.3,1.0
18.2,160.8,1.0
18.2,158.2,1.0
18.2,155.7,1.0
18.2,153.1,1.0
18.2,150.6,1.0
18.2,148.0,1.0
18.2,145.5,1.0
32.3,136.6,1.0
32.3,134.0,1.0
32.3,131.5,1.0
32.3,128.9,1.0
32.3,126.4,1.0
32.3,123.9,1.0
32.3,121.3,1.0
32.3,118.8,1.0
18.2,136.6,1.0
18.2,134.0,1.0
18.2,131.5,1.0
18.2,128.9,1.0
18.2,126.4,1.0
18.2,123.9,1.0
18.2,121.3,1.0
18.2,118.8,1.0
10.6,136.6,1.0
10.6,134.0,1.0
10.6,131.5,1.0
10.6,128.9,1.0
10.6,126.4,1.0
10.6,123.9,1.0
10.6,121.3,1.0
10.6,118.8,1.0
146.0,134.6,1.0
146.0,145.6,1.0
149.9,150.2,1.0
149.9,152.9,1.0
152.6,166.8,1.0
151.3,163.8,1.0
148.8,163.7,1.0
146.7,162.3,1.0
145.0,160.8,1.0
144.4,182.4,1.0
144.4,179.0,1.0
144.4,176.0,1.0
141.9,176.0,1.0
137.4,176.0,1.0
140.4,185.6,1.0
135.4,185.6,1.0
133.5,182.3,1.0
133.5,179.1,1.0
132.5,176.0,1.0
129.4,175.2,1.0
129.4,178.4,1.0
129.4,181.6,1.0
129.4,172.0,1.0
129.4,184.8,1.0
118.2,184.8,1.0
118.2,181.6,1.0
118.3,178.4,1.0
118.4,175.2,1.0
118.4,172.0,1.0
111.6,171.2,1.0
108.9,171.2,1.0
106.1,171.2,1.0
102.8,171.2,1.0
97.1,180.3,1.0
98.8,178.5,1.0
95.4,176.5,1.0
92.9,174.8,1.0
90.1,173.6,1.0
91.3,169.4,1.0
88.8,167.9,1.0
87.0,172.8,1.0
83.1,173.8,1.0
84.8,178.3,1.0
85.8,181.0,1.0
79.6,171.2,1.0
86.5,166.7,1.0
87.1,183.0,1.0
86.0,185.3,1.0
86.0,187.8,1.0
87.3,189.9,1.0
97.1,185.0,1.0
70.0,173.7,1.0
65.0,170.3,1.0
62.5,170.3,1.0
63.2,173.0,1.0
50.9,169.2,1.0
52.6,173.0,1.0
52.5,163.5,1.0
49.5,163.5,1.0
65.8,181.0,1.0
116.1,162.0,1.0
121.1,162.0,1.0
117.8,152.2,1.0
117.1,135.7,1.0
103.2,135.0,1.0
96.4,137.8,1.0
98.8,140.4,1.0
91.8,138.8,1.0
86.7,138.8,1.0
88.8,141.1,1.0
83.9,140.7,1.0
79.2,141.6,1.0
79.1,136.4,1.0
79.0,147.9,1.0
79.1,131.1,1.0
81.7,127.6,1.0
77.9,127.6,1.0
82.9,122.1,1.0
79.2,123.8,1.0
121.4,120.1,1.0
121.4,116.1,1.0
128.7,115.3,1.0
128.4,109.9,1.0
119.8,112.1,1.0
117.2,113.3,1.0
146.2,107.4,1.0
133.0,104.9,1.0
139.5,100.3,1.0
143.2,100.3,1.0
143.2,89.5,1.0
139.4,85.0,1.0
141.8,85.0,1.0
144.4,85.0,1.0
143.9,81.9,1.0
140.8,81.8,1.0
145.8,79.8,1.0
144.5,72.3,1.0
135.4,72.3,1.0
132.4,72.3,1.0
130.7,68.9,1.0
123.2,72.3,1.0
120.2,72.3,1.0
111.4,72.3,1.0
108.4,72.3,1.0
99.3,72.3,1.0
96.3,72.3,1.0
87.5,72.3,1.0
84.5,72.3,1.0
75.5,72.3,1.0
72.4,72.3,1.0
63.4,72.3,1.0
60.4,72.3,1.0
51.4,72.3,1.0
48.4,72.3,1.0
39.3,72.3,1.0
36.3,72.3,1.0
38.3,75.4,1.0
38.1,78.6,1.0
44.0,78.7,1.0
44.0,75.4,1.0
32.9,80.7,1.0
27.1,78.7,1.0
27.2,75.3,1.0
27.1,72.1,1.0
20.8,78.7,1.0
20.9,75.3,1.0
20.8,72.1,1.0
9.6,78.7,1.0
9.7,75.3,1.0
9.6,72.1,1.0
2.8,80.8,1.0
10.6,68.4,1.0
26.6,68.4,1.0
55.0,75.3,1.0
49.5,77.9,1.0
60.0,77.9,1.0
64.6,80.4,1.0
76.1,81.2,1.0
80.9,78.6,1.0
98.0,81.7,1.0
101.6,81.2,1.0
108.3,78.0,1.0
111.4,78.0,1.0
116.4,78.0,1.0
120.3,78.0,1.0
76.0,114.1,1.0
79.1,112.8,1.0
83.3,111.0,1.0
79.1,108.5,1.0
76.0,108.5,1.0
71.9,107.0,1.0
93.5,106.3,1.0
97.4,109.2,1.0
99.6,111.3,1.0
97.5,112.8,1.0
90.6,113.8,1.0
94.5,112.5,1.0
86.7,112.5,1.0
79.0,154.4,1.0
80.0,159.6,1.0
83.5,160.7,1.0
100.1,159.1,1.0
102.3,148.7,1.0
51.4,147.2,1.0
51.4,143.6,1.0
51.4,140.1,1.0
51.4,136.2,1.0
48.5,139.1,1.0
48.5,143.0,1.0
48.5,146.7,1.0
48.5,150.6,1.0
48.6,135.3,1.0
45.0,136.5,1.0
44.6,132.4,1.0
48.7,131.5,1.0
48.7,127.6,1.0
48.7,123.9,1.0
48.8,118.2,1.0
44.5,119.7,1.0
76.1,125.2,1.0
60.4,113.5,1.0
56.3,111.0,1.0
57.9,105.9,1.0
61.7,105.8,1.0
37.8,118.1,1.0
35.4,120.1,1.0
37.8,123.9,1.0
37.7,127.6,1.0
37.7,131.5,1.0
40.4,135.7,1.0
39.8,141.7,1.0
37.1,142.9,1.0
39.8,145.4,1.0
29.6,141.4,1.0
25.1,141.4,1.0
39.8,149.2,1.0
39.8,153.2,1.0
39.8,156.9,1.0
27.8,151.4,1.0
27.8,154.4,1.0
38.4,113.6,1.0
39.6,109.3,1.0
37.8,106.3,1.0
31.0,104.7,1.0
28.4,104.7,1.0
22.2,109.1,1.0
22.2,113.1,1.0
24.8,115.8,1.0
30.0,115.5,1.0
28.2,109.3,1.0
11.3,113.3,1.0
11.3,109.2,1.0
14.4,124.1,1.0
7.0,123.8,1.0
5.3,126.5,1.0
21.1,126.8,1.0
21.1,134.3,1.0
14.5,132.5,1.0
20.1,140.4,1.0
9.3,140.6,1.0
3.8,143.1,1.0
126.1,168.5,1.0
126.1,165.8,1.0
141.7,172.9,1.0
146.5,172.9,1.0
54.9,181.0,1.0
53.5,177.7,1.0
52.3,180.0,1.0
50.6,178.1,1.0
48.1,179.5,1.0
49.6,175.3,1.0
46.2,176.0,1.0
43.7,176.5,1.0
41.9,174.8,1.0
48.0,182.4,1.0
48.0,185.9,1.0
39.8,179.6,1.0
39.8,182.5,1.0
39.7,186.0,1.0
24.5,187.4,1.0
22.0,188.8,1.0
17.5,187.5,1.0
7.4,181.9,1.0
39.8,176.0,1.0
98.0,92.5,1.0
98.2,96.4,1.0
98.2,99.2,1.0
88.7,89.2,1.0
109.1,105.5,1.0
114.6,105.4,1.0
139.4,89.4,1.0
81.0,89.5,1.0
46.5,96.4,1.0
30.0,94.8,1.0
37.4,90.1,1.0
37.3,101.6,1.0
3.6,87.6,1.0
4.8,52.7,1.0
151.4,65.4,2.2
3.8,65.4,2.2
46.2,109.2,3.4
45.8,170.2,3.4
135.5,167.4,3.4
24.4,179.5,4.0
63.5,178.6,1.0
63.8,184.2,1.0
124.7,195.5,2.6
129.2,195.5,2.6
133.7,195.5,2.6
133.7,190.2,2.6
120.3,190.0,2.6
120.1,195.5,2.6
115.6,195.5,2.6
115.6,199.5,2.6
120.3,200.9,2.6
129.3,199.2,2.6
133.7,200.9,2.6
138.1,195.5,2.6
142.7,195.5,2.6
142.7,199.2,2.6
147.4,201.0,2.6
147.4,195.5,2.6
147.1,190.0,2.6
151.7,195.5,2.6
112.5,182.6,2.0
73.4,182.6,2.0
7.5,179.2,1.0
7.5,176.4,1.0
55.0,78.6,1.0
10.6,165.9,1.0
10.6,163.3,1.0
10.6,160.8,1.0
10.6,158.2,1.0
10.6,155.7,1.0
10.6,153.1,1.0
10.6,150.6,1.0
10.6,148.0,1.0
10.6,145.5,1.0
29.8,86.4,1.0
24.6,136.6,1.0
24.6,128.9,1.0
24.6,126.4,1.0
24.6,123.9,1.0
24.6,121.3,1.0
24.6,118.8,1.0
24.6,134.0,1.0
24.6,131.5,1.0
152.4,3.1,3.5
3.1,3.1,3.5
18.9,52.7,1.0
28.0,52.7,1.0
4.9,52.7,1.0
14.0,52.7,1.0
32.9,52.7,1.0
42.0,52.7,1.0
47.0,52.7,1.0
56.1,52.7,1.0
61.0,52.7,1.0
70.1,52.7,1.0
75.0,52.7,1.0
84.1,52.7,1.0
89.0,52.7,1.0
98.1,52.7,1.0
103.0,52.7,1.0
112.2,52.7,1.0
117.1,52.7,1.0
126.2,52.7,1.0
131.1,52.7,1.0
140.2,52.7,1.0
25.9,38.6,1.0
35.0,38.5,1.0
11.9,38.6,1.0
21.0,38.5,1.0
39.9,38.6,1.0
49.0,38.5,1.0
54.0,38.6,1.0
63.1,38.5,1.0
68.0,38.6,1.0
77.1,38.5,1.0
82.0,38.6,1.0
91.1,38.5,1.0
96.0,38.6,1.0
105.1,38.5,1.0
110.0,38.6,1.0
119.2,38.5,1.0
124.1,38.6,1.0
133.2,38.5,1.0
138.1,38.6,1.0
147.2,38.5,1.0
29.3,24.4,1.0
38.4,24.4,1.0
15.3,24.4,1.0
24.4,24.4,1.0
43.3,24.4,1.0
52.5,24.4,1.0
57.4,24.4,1.0
66.5,24.4,1.0
71.4,24.4,1.0
80.5,24.4,1.0
85.4,24.4,1.0
94.5,24.4,1.0
99.4,24.4,1.0
108.5,24.4,1.0
113.5,24.4,1.0
122.6,24.4,1.0
127.5,24.4,1.0
136.6,24.4,1.0
141.5,24.4,1.0
150.6,24.4,1.0
22.3,10.3,1.0
31.4,10.3,1.0
8.3,10.3,1.0
17.4,10.3,1.0
36.3,10.3,1.0
45.5,10.3,1.0
50.4,10.3,1.0
59.5,10.3,1.0
64.4,10.3,1.0
73.5,10.3,1.0
78.4,10.3,1.0
87.5,10.3,1.0
92.4,10.3,1.0
101.5,10.3,1.0
106.5,10.3,1.0
115.6,10.3,1.0
120.5,10.3,1.0
129.6,10.3,1.0
134.5,10.3,1.0
143.6,10.3,1.0
17.4,171.2,1.0
112.4,179.5,1.0

1mm hole count = 698
2.6mm hole count = 18
2mm hole count = 2
4mm hole count = 1
3.4mm hole count = 3
2.2mm hole count = 2
3.5mm hole count = 2
